|points|
|0|147.133|219.683|188.062|
|1|176.243|104.363|181.484|
|2|233.714|231.607|168.62|
|3|144.938|199.065|196.333|
|4|222.704|247.849|167.013|
|5|129.453|201.881|179.753|
|6|128.206|157.699|191.45|
|7|213.383|146.782|165.284|
|8|110.829|163.767|191.619|
|9|161.125|147.16|207.113|
|10|193.795|116.065|179.76|
|11|202.372|204.243|199.893|
|12|149.904|184.527|154.465|
|13|90.7869|148.779|174.078|
|14|163.963|159.376|211.401|
|15|211.632|167.291|170.86|
|16|217.018|190.304|170.787|
|17|126.515|92.3359|176.883|
|18|100.451|155.74|185.288|
|19|142.706|135.413|202.622|
|20|125.493|123.277|156.056|
|21|215.249|220.731|167.764|
|22|185.345|188.722|147.018|
|23|188.935|210.601|201.466|
|24|192.041|176.482|153.349|
|25|146.797|151.173|209.961|
|26|126.682|215.427|175.693|
|27|124.461|170.919|184.743|
|28|147.008|223.159|170.078|
|29|101.481|113.616|186.846|
|30|133.185|174.349|175.695|
|31|144.346|91.819|173.364|
|32|197.391|248.468|172.146|
|33|221.846|197.425|182.746|
|34|141.346|155.912|152.732|
|35|175.624|187.687|210.851|
|36|154.917|93.2597|186.73|
|37|154.053|105.738|193.56|
|38|139.408|193.573|181.723|
|39|184.898|110.468|170.949|
|40|243.451|218.743|172.102|
|41|145.561|107.734|171.491|
|42|164.335|186.858|205.22|
|43|233.553|211.68|165.434|
|44|115.902|144.516|187.551|
|45|135.976|97.0336|188.549|
|46|151.845|158.592|148.049|
|47|206.127|210.127|158.129|
|48|158.896|187.277|189.265|
|49|238.3|242.677|176.433|
|50|222.208|134.067|169.84|
|51|133.569|116.229|193.748|
|52|225.908|139.433|181.819|
|53|99.1638|120.091|171.382|
|54|238.955|228.704|186.288|
|55|171.973|142.777|199.625|
|56|111.693|167.774|168.478|
|57|213.014|163.632|188.977|
|58|160.878|200.365|194.461|
|59|105.262|132.91|164.017|
|60|216.246|175.524|185.103|
|61|111.57|111.362|169.488|
|62|98.7526|154.134|166.245|
|63|201.368|123.596|184.586|
|64|236.369|202.42|179.47|
|65|141.17|185.481|166.226|
|66|234.182|213.63|187.795|
|67|129.344|211.406|189.267|
|68|161.864|214.162|188.722|
|69|171.031|147.563|150.848|
|70|137.029|224.769|178.951|
|71|116.643|148.628|167.276|
|72|115.046|100.778|184.001|
|73|220.914|227.51|189.128|
|74|226.639|244.328|185.513|
|75|212.094|191.566|193.818|
|76|210.374|146.922|188.297|
|77|197.429|155.485|161.461|
|78|186.618|141.84|195.158|
|79|157.56|215.209|166.223|
|80|212.272|129.032|178.206|
|81|197.016|199.175|154.977|
|82|214.58|250.676|178.479|
|83|196.919|139.946|172.527|
|84|125.157|104.033|168.096|
|85|211.502|238.377|167.844|
|86|218.054|210.279|193.761|
|87|127.889|149.566|154.338|
|88|139.405|117.973|161.05|
|89|219.254|205.092|165.161|
|90|126.646|130.588|192.099|
|91|223.702|156.299|179.282|
|92|202.531|214.171|186.006|
|93|163.83|107.016|166.995|
|94|120.34|131.421|167.84|
|95|203.881|242.135|188.479|
|96|160.795|136.615|155.843|
|97|155.999|128.02|200.761|
|98|186.861|240.381|165.755|
|99|166.168|96.7259|179.897|
|100|200.076|227.143|190.422|
|101|152.838|119.598|189.549|
|102|158.407|123.374|163.887|
|103|172.674|122.71|174.467|
|104|194.254|133.881|192.223|
|105|129.825|145.665|200.313|
|106|189.931|241.314|182.304|
|107|93.995|139.872|177.378|
|108|151.463|182.966|177.405|
|109|191.342|189.862|208.57|
|110|175.725|139.649|159.183|
|111|106.333|130.787|191.821|
|112|91.9399|130.239|184.268|
|113|171.807|209.897|202.018|
|114|143.698|172.287|156.618|
|115|131.556|159.9|166.807|
|116|200.759|226.678|163.148|
|117|116.873|113.912|192.769|
|118|163.108|221.897|175.838|
|119|180.905|133.489|173.601|
|edges|
|0|3|
|0|5|
|0|28|
|0|38|
|0|67|
|0|68|
|0|70|
|0|79|
|0|118|
|1|10|
|1|37|
|1|39|
|1|93|
|1|99|
|1|101|
|1|103|
|2|4|
|2|21|
|2|40|
|2|43|
|2|49|
|2|54|
|2|66|
|2|73|
|2|74|
|2|85|
|3|5|
|3|38|
|3|42|
|3|48|
|3|58|
|3|67|
|3|68|
|4|32|
|4|49|
|4|74|
|4|82|
|4|85|
|5|26|
|5|28|
|5|30|
|5|38|
|5|65|
|5|67|
|5|70|
|5|79|
|6|8|
|6|25|
|6|27|
|6|30|
|6|44|
|6|71|
|6|90|
|6|105|
|6|115|
|7|15|
|7|50|
|7|52|
|7|76|
|7|77|
|7|80|
|7|83|
|7|91|
|8|18|
|8|27|
|8|44|
|8|56|
|8|71|
|8|105|
|9|14|
|9|19|
|9|25|
|9|55|
|9|97|
|10|39|
|10|63|
|10|80|
|10|83|
|10|103|
|10|104|
|10|119|
|11|23|
|11|75|
|11|86|
|11|92|
|11|100|
|11|109|
|12|46|
|12|65|
|12|108|
|12|114|
|13|18|
|13|59|
|13|62|
|13|107|
|14|25|
|14|55|
|15|16|
|15|24|
|15|57|
|15|60|
|15|76|
|15|77|
|15|91|
|16|33|
|16|47|
|16|60|
|16|64|
|16|75|
|16|81|
|16|89|
|16|92|
|17|31|
|17|41|
|17|45|
|17|72|
|17|84|
|18|44|
|18|56|
|18|62|
|18|71|
|18|107|
|18|111|
|18|112|
|19|25|
|19|51|
|19|90|
|19|97|
|19|101|
|19|105|
|20|59|
|20|61|
|20|84|
|20|87|
|20|88|
|20|94|
|21|33|
|21|43|
|21|47|
|21|66|
|21|73|
|21|85|
|21|86|
|21|89|
|21|92|
|21|100|
|21|116|
|22|24|
|22|81|
|23|35|
|23|92|
|23|100|
|23|109|
|23|113|
|24|77|
|25|105|
|26|28|
|26|67|
|26|70|
|27|30|
|27|38|
|27|56|
|27|71|
|27|115|
|28|38|
|28|70|
|28|79|
|28|118|
|29|53|
|29|61|
|29|72|
|29|111|
|29|112|
|29|117|
|30|38|
|30|56|
|30|65|
|30|108|
|30|114|
|30|115|
|31|36|
|31|41|
|31|45|
|31|84|
|31|93|
|31|99|
|32|82|
|32|85|
|32|95|
|32|98|
|32|106|
|32|116|
|33|60|
|33|64|
|33|66|
|33|75|
|33|86|
|33|89|
|33|92|
|34|46|
|34|87|
|34|96|
|34|114|
|34|115|
|35|42|
|35|58|
|35|109|
|35|113|
|36|37|
|36|41|
|36|45|
|36|99|
|37|41|
|37|45|
|37|51|
|37|93|
|37|97|
|37|99|
|37|101|
|38|48|
|38|58|
|38|65|
|38|67|
|38|68|
|38|79|
|38|108|
|39|93|
|39|103|
|39|119|
|40|43|
|40|49|
|40|54|
|40|64|
|40|66|
|41|45|
|41|51|
|41|84|
|41|88|
|41|93|
|41|99|
|41|101|
|41|102|
|42|48|
|42|58|
|42|113|
|43|64|
|43|66|
|43|89|
|44|59|
|44|71|
|44|90|
|44|94|
|44|105|
|44|107|
|44|111|
|45|51|
|45|72|
|45|84|
|45|117|
|46|69|
|46|96|
|46|114|
|47|81|
|47|89|
|47|92|
|47|116|
|48|58|
|48|108|
|49|54|
|49|74|
|50|52|
|50|80|
|50|91|
|51|72|
|51|84|
|51|88|
|51|90|
|51|94|
|51|97|
|51|101|
|51|117|
|52|76|
|52|80|
|52|91|
|53|59|
|53|61|
|53|94|
|53|107|
|53|111|
|53|112|
|54|66|
|54|73|
|54|74|
|55|78|
|55|97|
|55|103|
|55|119|
|56|62|
|56|71|
|56|87|
|56|115|
|57|60|
|57|75|
|57|76|
|57|91|
|58|68|
|58|113|
|59|61|
|59|62|
|59|71|
|59|87|
|59|94|
|59|107|
|59|111|
|59|112|
|60|75|
|60|91|
|61|72|
|61|84|
|61|94|
|61|117|
|62|71|
|62|107|
|63|76|
|63|80|
|63|83|
|63|104|
|63|119|
|64|66|
|64|89|
|65|79|
|65|108|
|65|114|
|66|73|
|66|86|
|66|89|
|67|70|
|68|79|
|68|113|
|68|118|
|69|77|
|69|96|
|69|110|
|71|87|
|71|94|
|71|107|
|71|115|
|72|84|
|72|117|
|73|74|
|73|82|
|73|85|
|73|86|
|73|92|
|73|95|
|73|100|
|74|82|
|74|85|
|74|95|
|75|86|
|75|92|
|75|109|
|76|77|
|76|78|
|76|80|
|76|83|
|76|91|
|76|104|
|77|83|
|77|110|
|78|83|
|78|104|
|78|119|
|79|108|
|79|118|
|80|83|
|80|104|
|81|89|
|82|85|
|82|95|
|83|104|
|83|110|
|83|119|
|84|88|
|84|94|
|84|117|
|85|95|
|85|98|
|85|100|
|85|106|
|85|116|
|86|92|
|86|100|
|87|94|
|87|115|
|88|93|
|88|94|
|88|96|
|88|102|
|89|92|
|90|94|
|90|101|
|90|105|
|90|111|
|90|117|
|92|100|
|92|116|
|93|99|
|93|101|
|93|102|
|93|103|
|94|111|
|94|117|
|95|100|
|95|106|
|96|102|
|96|103|
|96|110|
|97|101|
|97|103|
|98|106|
|98|116|
|99|101|
|100|106|
|100|116|
|101|102|
|101|103|
|102|103|
|102|110|
|102|119|
|103|104|
|103|110|
|103|119|
|104|119|
|105|111|
|106|116|
|107|111|
|107|112|
|108|114|
|110|119|
|111|112|
|111|117|
|114|115|
